[LEFT_CAM_2K]
fx=1907.98
fy=1908.92
cx=1130.75
cy=628.373
k1=-0.0591937
k2=-0.0664455
p1=-3.03447e-05
p2=0.000124486
k3=0

[RIGHT_CAM_2K]
fx=1912.84
fy=1912.88
cx=1082.3
cy=652.423
k1=-0.0602886
k2=-0.0644109
p1=0.000210084
p2=-0.000224228
k3=0

[LEFT_CAM_FHD]
fx=1907.98
fy=1908.92
cx=986.75
cy=547.373
k1=-0.0591937
k2=-0.0664455
p1=-3.03447e-05
p2=0.000124486
k3=0

[RIGHT_CAM_FHD]
fx=1912.84
fy=1912.88
cx=938.3
cy=571.423
k1=-0.0602886
k2=-0.0644109
p1=0.000210084
p2=-0.000224228
k3=0

[LEFT_CAM_HD]
fx=953.99
fy=954.46
cx=651.875
cy=362.1865
k1=-0.0591937
k2=-0.0664455
p1=-3.03447e-05
p2=0.000124486
k3=0

[RIGHT_CAM_HD]
fx=956.42
fy=956.44
cx=627.65
cy=374.2115
k1=-0.0602886
k2=-0.0644109
p1=0.000210084
p2=-0.000224228
k3=0

[LEFT_CAM_VGA]
fx=476.995
fy=477.23
cx=341.4375
cy=188.59325
k1=-0.0591937
k2=-0.0664455
p1=-3.03447e-05
p2=0.000124486
k3=0

[RIGHT_CAM_VGA]
fx=478.21
fy=478.22
cx=329.325
cy=194.60575
k1=-0.0602886
k2=-0.0644109
p1=0.000210084
p2=-0.000224228
k3=0

[LEFT_DISTO]
k1=-0.0591937
k2=-0.0664455
k3=0
k4=0
k5=0
k6=0
p1=-3.03447e-05
p2=0.000124486

[RIGHT_DISTO]
k1=-0.0602886
k2=-0.0644109
k3=0
k4=0
k5=0
k6=0
p1=0.000210084
p2=-0.000224228

[STEREO]
Baseline=119.882
TY=-0.0851446
TZ=0.384492
CV_2K=0.00172054
CV_FHD=0.00172054
CV_HD=0.00172054
CV_VGA=0.00172054
RX_2K=0.00371531
RX_FHD=0.00371531
RX_HD=0.00371531
RX_VGA=0.00371531
RZ_2K=0.000280398
RZ_FHD=0.000280398
RZ_HD=0.000280398
RZ_VGA=0.000280398

[MISC]
Sensor_ID=0


